10637;20241211;1;2.1;2.1;2.8;3.2;79.8;2;8.2;0;8;0;1017.5
10637;20241210;1;3;3.2;4.7;5.9;79.1;3;11.6;0;7.8;0;1013.8
10637;20241209;1;3.2;4.1;5;6.4;74.1;4;12;0;8;0.2;1008.3
10637;20241208;1;4.1;5.2;6.5;8.5;74;3;11.3;2.2;7.7;0.3;995.1
10637;20241207;1;1.3;3.4;5.9;7.3;85.5;3;11.5;0;7.5;6.5;992.5
10637;20241206;1;2;4.6;7.6;10.1;74.9;4;18.4;0.4;7;0.1;998.4
10637;20241205;1;-5.4;-2.1;1.1;4.7;94;3;11.5;0;7;11.1;1009.5
10637;20241204;1;-4.9;-2.7;2.2;6.2;86.1;2;6.2;1.8;7.8;0;1013.8
10637;20241203;1;-2.9;0;3.8;8;92.4;2;10.6;0;6.8;0;1006.5
10637;20241202;1;0.2;0;2.5;4.3;95;1;4.4;0;7.9;0.4;1006.1
10637;20241201;1;-6;-4.1;-1.4;0;97.4;2;5.8;0;7.4;0.3;1013.7
10637;20241130;1;-5.6;-2.5;1.4;6.3;82.8;2;5.6;7.3;5.5;0;1018.5
10637;20241129;1;-3.3;-1.4;3;8;82.1;2;6.3;3.9;3;0;1020.2
10637;20241128;1;0.7;3.6;7.5;9.4;71.6;3;12.3;4.9;4.6;0.2;1011.7
10637;20241127;1;-0.4;1.9;7.8;11.8;87.7;3;13.9;0.9;7.6;1.2;1006.5
10637;20241126;1;-0.6;1.8;8.2;11;89.5;2;9;0.9;5.2;5.3;1007.2
10637;20241125;1;3;6.4;12;16.8;72;3;9.8;0.4;7.7;4.9;998.3
10637;20241124;1;4.8;5.7;11.6;16.3;61.2;3;10.7;1.2;7.5;0;1003.3
10637;20241123;1;-0.2;1.5;4.4;6.1;71.5;3;10.6;0.8;7.9;0;1007.3
10637;20241122;1;-6.7;-4.5;0.9;4.4;79.4;4;14.1;2.4;5.1;0.3;993.6
10637;20241121;1;-5.3;-3.2;1.2;3.2;80.5;3;10.5;0.2;7.7;0;987.8
10637;20241120;1;-1.3;0.6;3.4;5.3;73.5;4;13.3;0.4;7.2;1.5;990
10637;20241119;1;2.7;3.6;8.2;11;88.3;4;20.1;0;7.7;8.8;985.1
10637;20241118;1;4.7;5.5;6.4;7.4;90.8;3;11.9;0;7.9;7.4;998.8
10637;20241117;1;1.4;3.6;5.5;6.4;81.9;4;13.1;0;7.5;4.8;1001.4
10637;20241116;1;4.8;5.3;6.2;7.2;76.8;2;7.9;0;7.9;0;1008.3
10637;20241115;1;6.2;6.4;7.4;9;93.1;1;4.1;0;8;0;1014.7
10637;20241114;1;5.6;5.7;6.6;8;95.9;2;7.9;0;8;0.5;1015.2
10637;20241113;1;3.8;4.8;6.3;8.2;83.9;2;8.4;0;7.9;5.3;1018.4
10637;20241112;1;5.2;5.7;7.6;10;83.6;3;9;0.1;7.8;0;1016.6
10637;20241111;1;4.8;4.5;5.5;6.6;97.3;2;6.8;0;7.8;2.6;1016.2
10637;20241110;1;4.7;4.3;4.9;5.6;95.8;1;3.6;0;8;0;1016.3
10637;20241109;1;5.8;5.5;7;8.2;85.8;2;6.1;0;8;0;1014.4
10637;20241108;1;5.6;5.7;6.6;7.6;82.2;2;9.6;0;8;0;1015.8
10637;20241107;1;5.7;5.8;6.5;7.3;78.3;2;6.7;0;8;0;1020.1
10637;20241106;1;5;4.9;6.2;7.3;87.5;2;7.3;0;8;0;1018.1
10637;20241105;1;-1.5;-0.3;4.2;6.6;93.3;1;5.5;0.7;5.9;0;1013.7
10637;20241104;1;-0.2;2.3;5.6;11;89.9;2;8;4.1;2.5;0;1016.2
10637;20241103;1;1.2;4;8.2;13.5;81.8;2;6.8;8.5;2.9;0;1017.9
10637;20241102;1;7.6;8.4;11;13.6;82.8;2;8.6;0;7.8;0;1017.3
10637;20241101;1;9.6;9.7;10.2;10.9;87.3;2;7;0;8;0;1013.3
10637;20241031;1;10;10.1;11.4;13.2;88;1;5.6;0;8;0.2;1015.7
10637;20241030;1;5.5;6.7;11;14.8;94.3;1;5.1;0.1;7.6;0;1015.4
10637;20241029;1;4.9;7.3;11.2;15.6;94.7;2;5.8;1.5;6.8;0;1013.9
10637;20241028;1;5.7;7.5;10.4;12.3;98.6;2;6.5;0;7.8;0;1013.7
10637;20241027;1;5.8;8;12.1;15.6;89.8;2;8.7;0;5.8;0;1009.7
10637;20241026;1;8.7;9.6;12.2;16.9;85;2;8.1;3.7;6.1;0;1006.6
10637;20241025;1;6.3;9.2;13.4;19.6;82.6;2;5.2;8.7;5;0;1008.6
10637;20241024;1;6.1;8.5;11.8;15;82.2;2;5.2;0.1;7;0;1014.1
10637;20241023;1;1.1;3.7;9.3;15.9;83.8;2;6.5;9.1;0.3;0;1021.7
10637;20241022;1;2.3;5;12.8;17.1;81.8;2;12.6;5.7;5.2;0;1015.9
10637;20241021;1;10;11.7;16.2;22.2;83.2;2;10;8.2;5.3;0.2;1012
10637;20241020;1;6.6;9.1;11.9;13.8;94.9;2;7.2;0;7.1;0;1010.2
10637;20241019;1;7;10.3;14.7;17.6;88.7;2;9.9;0.7;7.8;0.1;1005.4
10637;20241018;1;10.2;11.8;14.3;16.4;85.3;2;6.5;0.2;8;0.9;1001.9
10637;20241017;1;9.1;10.3;14.8;19.5;83.8;2;5.1;2.6;7.5;0.1;1002.3
10637;20241016;1;9.3;11.7;14;17.3;78.2;2;7.3;4;7.1;0.9;1003.2
10637;20241015;1;7.4;8.4;10.7;12.6;87.1;2;6.3;0;8;0;1008.4
10637;20241014;1;2.8;4.1;8.3;12.7;88.4;2;10.4;0.5;7.7;2.4;1006.3
10637;20241013;1;3.5;5.3;10.5;13.3;75.2;3;14.2;4.1;7.4;0;1004.1
10637;20241012;1;3.5;4.6;8.9;12.8;88.3;2;6.9;1.3;6.7;5.9;1001.5
10637;20241011;1;2;4.7;9.5;14;85;2;7.7;4;5.1;0.1;1003.8
10637;20241010;1;10.5;11.2;14.1;17.6;86.2;3;14.8;0.9;7.8;9.4;986.1
10637;20241009;1;11.5;12.4;14.4;16.3;89.2;2;11.4;0.4;7.8;11;982.4
10637;20241008;1;12.9;13.6;15.5;16.7;95.4;3;9.2;0;7.8;3.9;990.7
10637;20241007;1;11;11.1;14.6;18.3;93.3;2;8.9;0.7;7.7;19.5;993.4
10637;20241006;1;3.6;5.2;9.8;13.9;82;2;7.2;2.1;6.2;0.3;998.3
10637;20241005;1;2.6;5.5;11;16.2;74.6;2;8.2;8.3;3;0;1005.8
10637;20241004;1;9.4;10.3;12.2;14.6;72;3;10.2;0.2;7.9;0;1006.5
10637;20241003;1;9.1;10.1;11.5;14.2;73.8;3;11.4;0.7;7.8;0;1003.6
10637;20241002;1;7.7;8.4;12.3;17.3;84.7;2;10.3;3.1;7.6;0.5;997.4
10637;20241001;1;4.9;7.9;13.4;17.6;81.8;3;13.1;1.7;6.2;1.3;997.6
10637;20240930;1;5.2;7.6;11.6;14.9;86;2;8.4;0;7.7;5.2;1003.1
10637;20240929;3;0.9;2.8;9.9;14.9;74.4;2;6.4;6.1;4.4;0.2;1014.1
10637;20240928;3;4.1;6.2;11.8;15.7;73;3;11.7;6.5;5.1;0.2;1006.8
10637;20240927;3;10.1;11.4;14.9;18.2;67.5;4;16.7;3.8;6.4;0.3;990.8
10637;20240926;3;12.5;13.8;15.8;18.8;92.6;4;14.5;0;7.2;25;984.7
10637;20240925;3;13.1;13.8;15.8;18.1;83.5;3;11.5;0.6;7.8;17.3;994.3
10637;20240924;3;12;13.3;14.8;18.5;88.9;3;13.6;1.3;7.8;7.8;994.6
10637;20240923;3;12.8;14.2;16.6;20.1;88.7;2;8.3;0.1;7.9;2.8;998.1
10637;20240922;3;8.5;11.3;17.3;23.8;77.2;1;5.1;7.3;7.3;1.2;1003.1
10637;20240921;3;9.2;11.9;17.6;24.1;68.8;2;6.1;11.2;0;0;1007.6
10637;20240920;3;9.8;13.7;18.4;24.5;61.6;2;9.3;11.3;0.5;0;1008.4
10637;20240919;3;13.3;14.9;18.9;25.3;66.2;3;14.6;8.8;1.7;0.4;1008.9
10637;20240918;3;14.3;15.8;20.4;26.1;63.6;3;12.4;10.6;0.7;0;1011.2
10637;20240917;3;11.7;13.5;18.2;23.2;66.9;4;12.1;7.9;2.9;0;1011.8
10637;20240916;3;6.8;9.4;14.2;16.8;78.4;2;9.8;0;7.8;0;1010.9
10637;20240915;3;2.7;5.7;12.6;19.3;69.5;2;9.5;7.3;5.4;0;1013.7
10637;20240914;3;7.1;8.9;12.3;16.8;66.6;3;11.1;3;6.8;0;1015.8
10637;20240913;3;3.5;4.8;11.4;16.6;75.3;2;9.7;6.2;7.7;0.9;1009.1
10637;20240912;3;3.9;5.9;10.2;15.7;80.8;2;10.2;4.8;4.2;1.6;1001.4
10637;20240911;3;4.5;6.9;13.4;16.5;75.3;3;14.3;2.2;6.3;7.7;995.7
10637;20240910;3;11.8;13.2;16.3;20.5;73.6;4;12.5;2.4;7.6;1.4;1000
10637;20240909;3;15.2;15.6;17.1;20.4;85.3;3;12.7;1.9;7.8;3.7;994.2
10637;20240908;3;15.6;16.1;18.1;21.1;90.8;2;10.8;0.3;7.9;14.7;998.1
10637;20240907;3;11;13.2;21.8;29.8;70.8;2;5.9;10.1;4.3;0.2;999.6
10637;20240906;3;11.8;14.4;19;23.9;84.4;2;8.2;3.8;6;0;999.2
10637;20240905;3;17.2;18.1;25.5;33.1;61.7;3;14;11.3;4;3.6;995.4
10637;20240904;3;15;16.7;20.7;26.6;82.7;2;11.4;2.4;7.4;17.7;1002.1
10637;20240903;3;15.7;17;22.9;30.7;76.5;2;7.1;9.2;5.7;0;1002.3
10637;20240902;3;15.8;18.8;23.7;29.4;67.2;2;9.7;10;3.8;5.6;1000.9
10637;20240901;3;18.2;19.1;25.8;32.9;55.8;2;10.9;12.1;4.1;0;1003.5
10637;20240831;7;17.9;18.6;24;31.6;63;3;9.5;11.7;4.4;0;1007.4
10637;20240830;7;16.3;18.1;23.5;29.7;69;3;13.3;8.4;7;0;1006.3
10637;20240829;7;13.4;15.6;24.9;34.3;64;2;7.9;11.6;1.2;0;1004.7
10637;20240828;7;12.9;16.6;23.1;31.5;60;2;8.4;12.7;0;0;1004.7
10637;20240827;7;7.8;11.2;20.5;28.6;58;2;9.4;12.8;1.2;0;1008.7
10637;20240826;7;4.3;7.2;16.6;24.7;62;2;8.4;12.9;0.7;0;1010.6
10637;20240825;7;6.9;9.9;18.5;23.6;62;3;10.8;9.8;4.7;0;1008.2
10637;20240824;7;11.7;14.7;24.5;33.2;62;3;14.9;12.8;2.2;2;998.6
10637;20240823;7;8.1;10.8;20.2;29.5;65;3;14.6;11.4;4.9;0;999.9
10637;20240822;7;7.4;9.5;17.1;25;67;2;9;11.9;5.6;0;1002.5
10637;20240821;7;9.1;11.1;18.7;23.7;62;3;11.1;9.8;6;0;1004.8
10637;20240820;7;11.9;14.3;19.6;24.1;75;2;7.1;5.9;5;0;1001.4
10637;20240819;7;11.2;12.7;18.8;24.9;69;2;8.5;9.1;3.5;0;1005.4
10637;20240818;7;13.9;15.1;19.8;22.2;81;2;13.2;0.1;7.8;0;999
10637;20240817;7;13.6;15.4;21.4;29.2;77;2;9.6;3.8;7.5;13.8;1000.8
10637;20240816;7;14.9;16.9;23.1;30.5;61;3;12.2;11.8;2.4;0;1004
10637;20240815;7;15;16.7;22.9;29.6;68;2;10.1;11.8;3.8;0;1005
10637;20240814;7;18.1;19.8;23.9;29.7;73;3;9.4;7.7;5.2;0;999.9
10637;20240813;7;18.2;19.4;26.6;35.9;65;2;13.3;10;2.9;9.5;998
10637;20240812;7;18.8;19.9;26.4;33.7;59;2;7.1;13.7;1.8;0;1001
10637;20240811;7;12.6;14.9;23.9;31.2;59;2;9;13.3;3.1;0;1007.8
10637;20240810;7;13.2;15.9;22.6;30.1;60;2;9.1;12.5;2;0;1008.2
10637;20240809;7;11.8;13.5;21.9;28.9;67;3;12.6;6.8;6.8;0;1005
10637;20240808;7;12.8;14.8;20.5;26.2;66;2;13.5;8.9;6.6;0;1004.6
10637;20240807;7;13.7;15.4;21.5;27.6;76;2;9.9;6.8;5.2;0.8;1000.1
10637;20240806;7;12.6;15.1;22.1;29;65;2;6.7;13.7;4;0;1000.1
10637;20240805;7;13.2;15.7;20.8;26.5;62;2;7.1;10.5;4.7;0;1003.2
10637;20240804;7;15.6;16.5;20;23.6;77;3;10.3;1.9;7.7;0.1;1002.6
10637;20240803;7;14.8;16;21.3;26.8;78;2;12.4;7.9;5.1;1.4;1000
10637;20240802;7;15.6;17.6;22.5;27.4;71;2;11.7;9.5;4.3;0;999.4
10637;20240801;7;15.9;17.8;21.7;24.3;81;2;7.7;1.5;6.4;11.6;999.3
10637;20240731;9;16.5;19;25.7;32.2;59;2;9.9;8.6;5.1;0;1001.4
10637;20240730;9;14.4;16.3;24.2;32.3;58;2;5.4;14;1.4;0;1004.7
10637;20240729;9;12.1;14.1;21.5;28.1;58;2;7.3;14.3;0.5;0;1010.7
10637;20240728;9;12;14.5;19.7;25.8;68;2;9.3;10.6;3.6;0;1011.4
10637;20240727;9;16.7;17.2;20.2;23.2;91;2;11.3;0.1;7.7;9.1;1002.2
10637;20240726;9;13.9;15.9;19.6;24.5;84;2;7.2;1.4;7.8;19;1000.4
10637;20240725;9;9.6;13.3;20.4;27;62;2;7;10.9;5.1;0.1;1003
10637;20240724;9;11.2;14.1;19.4;25.1;65;2;9;9;5.2;0;1007.3
10637;20240723;9;11;13.6;19.4;26.7;77;3;14.3;4.8;5.2;3.6;1005.9
10637;20240722;9;14.9;16.9;22.6;27.5;67;3;10;4.6;7.2;0;1004.2
10637;20240721;9;17.5;19.7;24.8;30;63;3;9.2;6.8;6.9;3.6;996.5
10637;20240720;9;15.4;18.7;26.4;33.6;54;2;7.3;11.6;2.8;0;998.1
10637;20240719;9;13.9;17.3;25.1;31.5;53;2;8;11.8;5;0;1005.8
10637;20240718;9;12.7;15.5;23;29.5;55;2;9;14.2;6.4;0;1009.6
10637;20240717;9;12;14.4;20.2;26.2;66;2;9.2;8.6;6.5;0;1008.4
10637;20240716;9;11.4;14.5;20.4;25.5;72;4;15.7;9.6;4.4;0.2;1001.8
10637;20240715;9;8.4;11.5;22.1;31.2;63;2;21.9;13;5.8;2.1;999.5
10637;20240714;9;8.7;11.8;19.1;26.4;64;2;9.8;7.8;5.1;0;1001.6
10637;20240713;9;9.5;12.1;18;23.7;64;3;10.5;6.7;6.3;0;1001.3
10637;20240712;9;15;15.3;21.7;27.2;68;3;14.9;9.1;7.1;0;998.3
10637;20240711;9;17.1;19;22.8;27.9;72;2;12.3;7.3;7.3;5.1;1004.3
10637;20240710;9;18.4;19.1;22.5;27.6;77;2;9.1;3.8;7.3;2.7;1003.4
10637;20240709;9;12.4;15.4;25;33.1;56;2;11.8;14.8;2.3;0.2;1002.5
10637;20240708;9;6.8;9;19.5;26.9;59;2;7.8;11;4.8;0;1005
10637;20240707;9;5.8;8.7;16.4;23;64;2;9.1;8.2;5.5;0;1002.6
10637;20240706;9;9.8;13.1;19.1;25.7;72;3;15.5;6.6;6.8;0.2;994.5
10637;20240705;9;8.1;10.4;17.6;23.6;67;3;12.5;2.8;6.6;0;1000.1
10637;20240704;9;9.2;11.8;16.7;23;79;3;12.9;4.2;5.6;0.6;997.4
10637;20240703;9;10.6;11.7;14.5;18.5;83;2;9;2.6;7.5;2.8;999.2
10637;20240702;9;11.5;12.7;15.6;19.1;81;3;11.1;1.1;7.7;2.5;1002.8
10637;20240701;9;12.4;14.4;17.8;21.3;72;3;11.2;5.7;7.6;2.2;1002.6
10637;20240630;9;16.5;16.8;19.1;22.6;86;3;11.2;0.6;7.8;8.3;997.1
10637;20240629;9;10.6;13.3;23.8;31.6;62;2;24.3;9;5;9.1;999.4
10637;20240628;9;10.7;14.4;22;27.4;66;3;9.9;6.9;5.7;0;1002.8
10637;20240627;9;17.7;19.2;24.6;31.4;71;2;11.2;10.3;4.4;0;997.3
10637;20240626;9;17.1;18.6;24.1;31.9;62;2;18.5;12.9;2.3;6.6;997.9
10637;20240625;9;15.7;17.4;23.8;29.3;52;3;10.8;15.3;0.1;0;1001.8
10637;20240624;9;10.8;13.9;21.9;27.6;59;2;9.9;13.6;1.7;0;1006.4
10637;20240623;9;10.9;12.7;18.9;25;72;2;10;4.4;5.3;0;1006.6
10637;20240622;9;9.7;11.5;16.8;21.8;79;3;12;4;7;6.6;1002.6
10637;20240621;9;15.8;16;20;25.1;84;3;21.1;3.4;7.7;13.5;1000.7
10637;20240620;9;12.3;13.2;19.4;24.4;76;2;7.5;5.3;6.4;0.1;1006.1
10637;20240619;9;12.2;14.1;17.6;19.8;82;2;10.1;3.8;6.1;6.5;1004.2
10637;20240618;9;10.8;13;20.6;27;77;2;7.5;6.8;7.5;0.8;1000.8
10637;20240617;9;11.6;14.4;18.5;23.6;78;3;9.9;4.4;7.4;0.1;1001
10637;20240616;9;10.1;11.6;17;21.8;64;3;12.6;3.1;7.6;5.6;998
10637;20240615;9;9.3;12.5;17;21.8;63;4;17.8;9.8;5.7;0.1;995.6
10637;20240614;9;10.2;11.6;15.3;19.4;77;3;12.8;1.4;7.6;6.5;998.5
10637;20240613;9;6.5;8;14.9;20.7;56;2;9.9;10.3;5.7;0;1005.2
10637;20240612;9;4.1;6.5;13.5;19.2;60;2;10.1;9.3;5.3;0;1006.5
10637;20240611;9;5.4;7.9;13.5;18.5;57;3;9.8;7.9;5.7;0;1003.2
10637;20240610;9;5.7;7.5;15.2;20.8;58;4;16.2;7.9;4.4;0;996.1
10637;20240609;9;8;12.2;17.5;23;53;2;10.1;12.8;3.3;0;997.3
10637;20240608;9;5.2;8.1;18.1;25.3;58;2;10.4;13.5;3.5;0;999.8
10637;20240607;9;5;6.7;16.2;24.1;62;2;9.3;9.8;2.6;0;1005.3
10637;20240606;9;6.2;8.8;16.3;23.6;67;2;10;9.2;3.5;0;1004.3
10637;20240605;9;8.2;10.5;16.1;22.1;76;3;13.5;2.2;6.9;0.1;1001
10637;20240604;9;6.4;8;16.2;22.8;67;2;8.3;10.9;4.6;0.9;1002
10637;20240603;9;6.7;8.4;15.2;20.2;65;2;11.8;8.2;4.7;0;1006.5
10637;20240602;9;13;14.4;17.3;19.7;76;3;11.8;0.5;7.9;0;1006.6
10637;20240601;9;13.6;14.9;16.6;19;80;3;10.6;0.3;7.9;4.2;1002.1
10637;20240531;9;12.6;13;15.8;19.5;73;2;9.6;1;7.8;0;997.8
10637;20240530;9;12.8;13.1;15.5;21.1;86;2;15;3.1;7.4;7.2;993.8
10637;20240529;9;12.3;13.1;15.9;18.7;80;3;12.1;0.2;7.7;11.1;1000.5
10637;20240528;9;7.6;10;15.6;20;62;3;9.7;9.3;4.8;1.1;1006.6
10637;20240527;9;11;12.9;17.1;22.9;76;2;12.4;4.1;7;3.1;1004.8
10637;20240526;9;8.6;10.9;17.9;24.3;70;2;10.5;10.6;5.6;0;1004.8
10637;20240525;9;9.3;11.3;16.4;23.2;75;2;8.3;6.7;5.8;0;1005
10637;20240524;9;11.4;12.8;15.6;20.5;84;2;9.2;2.2;7.8;2.3;1004.9
10637;20240523;9;6.2;8.5;16.6;23;69;2;8.1;11.8;3.6;14.2;1003.3
10637;20240522;9;8;9.7;15.5;20.9;79;3;11;5.2;5.5;0;998.4
10637;20240521;9;12.3;13.1;16.9;20.9;78;2;7.8;0.2;7.6;18.7;994.3
10637;20240520;9;6.9;7.7;16.5;23.9;71;2;5.9;11;4.3;0;998.2
10637;20240519;9;8.4;9.6;14.7;19.7;83;2;7.9;3.1;7.7;0.7;998.5
10637;20240518;9;9.4;11.2;14.8;17.9;88;2;8.1;0.3;8;7.3;997.8
10637;20240517;9;13.4;13.8;15.2;16.9;84;2;9.5;0;7.9;1.7;992.8
10637;20240516;9;13;13.6;17.3;22.6;75;2;8.2;6;7.5;0.8;993.2
10637;20240515;9;9.2;12.7;16.7;19.6;70;2;10.8;3;7.7;6.6;993.8
10637;20240514;9;10.6;13.6;20.7;26.8;52;2;10.1;14;0.3;0;994.7
10637;20240513;9;9.3;13;19.1;25.2;63;2;7.6;11;2.5;0;999.9
10637;20240512;9;11.1;13.3;20;25.7;52;2;10;13.9;5.5;0;1004.2
10637;20240511;9;8;10.6;18.6;24.6;53;2;9.1;12.1;7.1;0;1008.1
10637;20240510;9;7.9;9.5;17.3;23.2;55;2;12.4;12.9;3.5;0;1010
10637;20240509;9;4.5;7.5;15.2;21.8;61;2;9.7;13.5;1;0;1013
10637;20240508;9;5.1;7.7;13.4;19.1;69;2;9.2;5.3;3.4;0;1012.1
10637;20240507;9;8.9;10.5;14.3;17.5;76;3;11.4;0.5;7.6;0.1;1004.2
10637;20240506;9;9.4;10.9;14.1;17;93;3;10.7;0.1;7.9;13;996.1
10637;20240505;9;11.7;12.5;15;19.1;75;3;9.9;1.7;7.8;3.4;997.7
10637;20240504;9;3.8;5.8;13.3;19;71;2;8.6;2.9;7.7;0.9;1001.8
10637;20240503;9;5.1;7.4;12.1;16.2;79;3;11.6;1.6;7.9;0.1;999.8
10637;20240502;9;11.4;12.1;18.1;24.8;67;3;13.6;9.8;5.7;11.9;987.7
10637;20240501;9;8.4;12.1;20.6;27;54;2;8.4;11.5;5.8;0;992.4
10637;20240430;9;5.1;7;18.6;26.9;59;2;-999;12.6;5;0;1002
10637;20240429;9;6;8;14.6;20.9;67;2;6.7;5.9;7.7;0;1008.3
10637;20240428;9;7.4;9.2;14;18.8;64;3;12.6;0.8;7.9;0;1000.3
10637;20240427;9;-0.1;2.6;14;22.5;57;2;10.5;9.9;5.8;0.1;995.6
10637;20240426;9;-2.1;0.2;8.2;16.4;71;2;11.5;6.8;6.5;0;994.1
10637;20240425;9;-1.7;0.9;6.9;11.3;65;3;11.2;5.5;7.4;0;995
10637;20240424;9;-1.6;1.1;6.5;11.2;65;3;14;4.4;7.5;0.5;996.8
10637;20240423;9;-4;-1;6.2;12.1;53;2;10.9;11.5;2.1;0;1005.4
10637;20240422;9;-3.4;-1;5.3;10.4;62;2;12.1;8.3;5.8;0;1009.8
10637;20240421;9;1.4;2.6;5.7;9.3;67;3;14.8;4.3;6;3.3;1008
10637;20240420;9;2.8;4.5;7;10.2;73;3;14.4;5.2;7.5;2.7;1005.8
10637;20240419;9;3.4;4.1;6.5;9.3;82;4;15.6;0.8;7.2;6.8;999.4
10637;20240418;9;-1.4;0.9;6.9;12.7;70;2;10;4.4;7;0.8;1004.4
10637;20240417;9;2.2;4.5;7.6;11.1;70;3;11.5;6.9;7.7;0.1;998
10637;20240416;9;2.3;4;7.4;12.9;76;4;19.9;2.4;7.2;2.8;993.5
10637;20240415;9;3.6;5.3;12.1;18;61;4;23;5.7;6.5;1.3;997.2
10637;20240414;9;6.7;9.4;16.2;22.5;64;2;9.8;10.8;7.3;0;1007.4
10637;20240413;9;4.9;7.7;15.9;23.7;72;2;9.6;11.7;7.8;0;1013.8
10637;20240412;9;2.6;4.9;12.9;20;73;2;9.2;6;7.1;0;1019.7
10637;20240411;9;-1.9;0.3;10.2;18.2;64;2;7.2;9.4;5.8;0;1020.9
10637;20240410;9;0.4;3.7;9.6;15.6;65;2;9.3;5.5;4;0;1016.2
10637;20240409;9;4.6;7.4;13;17.7;67;4;14.8;0.3;7.7;0;1001.2
10637;20240408;9;9.5;12.3;19.6;26.4;56;2;11;9.6;5.7;0;996.8
10637;20240407;9;7.1;10;18;24;59;2;10.6;6.8;7.1;0.3;1002.7
10637;20240406;9;7.4;11.2;18.5;26.4;56;2;9.8;9.8;5.5;0;1002.3
10637;20240405;9;7.1;9.2;15.7;21.5;71;3;14.1;2.8;7.7;0;1001.7
10637;20240404;9;4.5;7.7;12.2;16.2;82;4;17;1.6;7;2.5;999.1
10637;20240403;9;6.2;7.5;10.4;12.1;85;3;12.1;0.2;7.8;3.8;996.8
10637;20240402;9;4.3;6.6;10.8;15.1;70;4;17.2;4.1;6.3;0.3;997.3
10637;20240401;9;5.2;7.5;9.9;11.9;87;3;13.8;0.1;7.2;4.1;986.6
10637;20240331;9;7.8;8.5;13.4;19.5;76;2;9.3;5.9;7.3;3.4;986
10637;20240330;9;5.5;7.4;10.5;14.4;87;2;5.5;0.1;7;2.8;986.5
10637;20240329;9;-0.3;3.2;8.6;12.2;89;2;6.6;0;7.9;4.5;986.4
10637;20240328;9;-1;2.2;8.1;13.6;70;4;20.3;2.8;5.2;1.1;980.2
10637;20240327;9;1.6;4.9;9.5;14.4;67;3;11.6;1.4;7.9;0.2;976.1
10637;20240326;9;2.1;3.5;8.8;14.6;58;2;6.4;4;7.1;0;982.1
10637;20240325;9;1.4;3.6;7.9;12.3;55;3;9.1;10.9;6;0;993.8
10637;20240324;9;2.9;4;6.6;9.1;73;4;22;3.5;7.2;4.6;994.9
10637;20240323;9;0.7;2.6;6.7;11.1;76;3;20.9;3.3;6.7;1.2;997.8
10637;20240322;9;1.3;3.7;10.8;17.9;76;2;9.7;2.9;6.5;0.3;1005.3
10637;20240321;9;2.4;3.7;10.9;17.2;73;3;12.8;5.9;6.8;0;1009.9
10637;20240320;9;2.3;5.1;11.6;19.7;72;2;7;9.8;6.9;0;1007.3
10637;20240319;9;2.4;5.6;9.9;16.1;89;1;5.3;4.7;7.6;0;1007.3
10637;20240318;9;5.7;7.8;10.2;14.1;84;1;4.8;1.6;7.2;0.8;1004.8
10637;20240317;9;-1.2;1.4;8.1;14;74;1;5.8;4.5;7.8;0;1010
10637;20240316;9;3.6;5.6;10.5;13.6;74;3;14.1;0.9;7.7;0.2;1006.6
10637;20240315;9;3.2;5.8;11.2;15.6;84;3;12.1;1.3;7.8;0.9;1000
10637;20240314;9;3.3;5.9;11.2;17;82;2;7.2;7;7.9;0;1002.3
10637;20240313;9;6.7;7;9.4;12.3;93;2;6.3;0;7.9;0.2;1004.6
10637;20240312;9;0.6;3.6;7.6;11.6;81;3;11.3;0.5;7.1;4.4;1003
10637;20240311;9;0.4;4;8.8;14;80;3;12.9;4.7;5.3;3.7;992.1
10637;20240310;9;5.4;6.6;9.7;13.7;64;2;10;1;7.6;12.2;984
10637;20240309;9;-0.6;1.4;8;14.1;62;2;7.1;7.1;6.8;0;991
10637;20240308;9;-2.3;-0.5;5.9;11.5;61;3;9.7;10.4;1;0;1000.2
10637;20240307;9;-0.9;1.7;6.1;10.5;67;2;8.6;2.5;5.1;0;1009.3
10637;20240306;9;-1.8;0.1;6.3;11.7;80;2;9;1.4;6.9;0;1009.1
10637;20240305;9;0.9;3.4;7.7;9.7;86;2;7;0.1;8;0.5;1002.5
10637;20240304;9;0;2.7;7.9;10.6;83;2;10.5;0;7.1;0;997.6
10637;20240303;9;1;5.3;10.4;16.1;70;2;8.1;8.3;6.4;0;988.3
10637;20240302;9;-1.5;1.2;8.2;15;74;2;6.5;3.5;7.3;0;991.5
10637;20240301;9;-2.8;-1.3;4.8;10.4;84;2;9.1;2.7;6.2;0;994.4
10637;20240229;9;-4.2;-1.9;4.1;11.3;82;1;6.2;9;4.6;0;1001.9
10637;20240228;9;-3.7;-0.9;4.2;10.6;79;2;6.8;8.4;4;0;1009
10637;20240227;9;-1;2.7;8.4;11.8;71;3;10.1;8.3;7.2;0;1001.7
10637;20240226;9;4.6;5.2;7.9;10.4;77;2;8.2;0.5;7.7;4.1;989.8
10637;20240225;9;-1.9;0.2;6.2;10.3;70;2;10.1;2.4;7.2;1.2;991.3
10637;20240224;9;-2.4;0.2;5.1;9.2;77;3;11.6;2.6;6.6;0.3;990.3
10637;20240223;9;0.2;3.4;6.8;9.9;70;3;15.9;2.1;6.1;0;984.6
10637;20240222;9;7.3;7.8;9.7;12.4;90;4;22;0;7.8;9.7;983.5
10637;20240221;9;4.1;6.1;8.4;11;77;3;9.5;0.7;7.5;19.2;1005.8
10637;20240220;9;3.6;5.5;9;11.4;71;3;10.1;1.5;7.5;0.8;1015.8
10637;20240219;9;6;8.4;10;12.6;76;3;12;0.1;7.7;0.3;1014.2
10637;20240218;9;1.3;4.2;8.1;10.8;89;3;11.1;0;7.8;4.5;1016.9
10637;20240217;9;3;5.6;10.3;13.7;85;2;8.5;0;6.9;0;1018.1
10637;20240216;9;4.9;7.5;11.3;16.5;88;2;9.5;0.6;7.7;4.1;1004.6
10637;20240215;9;6.9;8.6;11.7;15.5;84;2;8.4;1.8;7.9;0.2;1005.9
10637;20240214;9;4.1;5.6;8.9;11.2;84;3;11.2;0.1;7.9;2.3;1008.2
10637;20240213;9;-3.6;-1.3;4.8;10.3;79;2;9.8;5.7;5.4;0.5;1007
10637;20240212;9;-1.5;1.5;8.1;10.8;79;3;8.9;0.1;7;0.2;993
10637;20240211;9;6.7;7.6;9;10.6;82;3;12;0;7.9;1.2;981
10637;20240210;9;5.6;7.4;10.4;13.2;88;2;6.9;0.8;7.8;0;976
10637;20240209;9;8.4;9.8;11.3;14.4;85;3;12.3;0.6;7.7;5;978.4
10637;20240208;9;3;3.1;6.3;11.3;95;2;12.7;0;7.7;9.5;987.3
10637;20240207;9;2.9;3;7.6;11.5;85;4;17.9;0;7.7;18.6;993.8
10637;20240206;9;5.8;6.6;8.2;9.5;77;5;16.1;0;7.7;0.6;1004.1
10637;20240205;9;6.3;7.4;9.7;12.4;74;5;15.9;5;5.8;0;1009.6
10637;20240204;9;7.9;8.5;10.1;11.3;81;5;18.4;0;7.7;0;1012.1
10637;20240203;9;6.1;7;9.2;11.8;78;4;11.9;0.5;7.9;0.9;1015.6
10637;20240202;9;-2.1;-0.9;5.7;10.6;76;3;12.7;6.5;7.8;0;1018.3
10637;20240201;9;-3.2;-1.2;6.4;11.3;77;3;10.9;4.2;5.7;0.2;1017.7
10637;20240131;9;-1.6;1.7;5.8;9.9;81;2;12.4;2.6;7.3;1.7;1020.2
10637;20240130;9;-4.3;-2.5;3.3;8.1;88;2;6.5;0.8;7.8;0;1018.8
10637;20240129;9;-5.3;-3.3;2;9.1;84;1;7.2;6.6;7.8;0;1018.2
10637;20240128;9;-5;-2;2.9;9.3;75;2;5.3;8.1;2.5;0;1020.1
10637;20240127;9;-4.7;-2.6;2.3;8.2;78;2;6.5;8;2.5;0;1024.2
10637;20240126;9;3.8;6;8.7;12.2;81;3;17.1;1.1;7.3;4;1015
10637;20240125;9;1;4.3;8.3;10.8;76;3;8.3;3.4;7;0.5;1016.6
10637;20240124;9;5.1;7.4;11.3;14.5;68;5;21.8;3.9;7.1;0.4;1011.1
10637;20240123;9;-0.2;2.6;6.9;9.2;79;4;15.4;2.1;5.9;2.4;1013.3
10637;20240122;9;1.5;2.8;6.3;9.1;80;4;13.8;0;7.3;1.5;1004.7
10637;20240121;9;-13.7;-9.9;-3.5;2.9;90;2;9.7;0.9;7.5;0;1015.4
10637;20240120;9;-14.4;-9.1;-5.7;-4.2;92;2;5.2;0;7;0;1019.1
10637;20240119;9;-15.1;-9.2;-4;-0.1;90;2;7;5.1;3.7;0;1009.3
10637;20240118;9;-11;-4.6;-0.6;1.6;89;3;10.7;0.1;6.4;1.6;987.3
10637;20240117;9;-8.1;-6.4;-2.5;0.7;91;2;5.4;0;7.8;14.7;981.3
10637;20240116;9;-8.4;-6.1;-1.3;3.1;77;3;10;3.2;6.3;0;997.5
10637;20240115;9;-2.7;-2.6;0.2;2.9;75;4;13.6;0.5;7.5;0.1;992.9
10637;20240114;9;-2.7;-2.6;-1.2;0;80;4;13.5;0;7.9;0.2;999.7
10637;20240113;9;-1.1;-1;-0.1;1;82;3;9.4;0;7.9;0;1011.7
10637;20240112;9;-1.1;-0.9;-0.3;0.5;84;2;6.5;0;8;0;1019.2
10637;20240111;9;-9.8;-6.7;-2.7;2.4;70;2;10.7;7.4;0.4;0;1018.4
10637;20240110;9;-8.3;-7;-3.8;-0.5;63;2;8.9;2.9;3.5;0;1016.3
10637;20240109;9;-7.5;-6.4;-3.7;0.4;54;3;10.3;7.5;0;0;1017.2
10637;20240108;9;-6.7;-5.8;-2.2;0;59;4;11.5;4.9;5.4;0;1014.7
10637;20240107;9;-1.1;-0.8;2.2;5;72;4;13.3;0;7.9;0;1006.3
10637;20240106;9;2.2;3;5.3;7.1;84;2;7.5;0;7.9;0.1;996.3
10637;20240105;9;-0.5;1.8;6.6;9.9;80;3;11.7;0.2;7.6;0;990.9
10637;20240104;9;3.3;5.8;8.6;10.9;77;4;14.9;2.2;7.5;0.1;991.9
10637;20240103;9;7;7.9;10.3;13.2;76;5;18.8;2.3;7.4;6.8;984.1
10637;20240102;9;5.4;6.2;8.6;11;85;5;17.4;0;7.8;7.9;987
10637;20240101;9;4.3;6;7.3;8.5;77;4;13.8;0.5;7.4;8.8;996.5
10637;20231231;9;1;3.4;6.8;9.6;82;3;15.1;0;7.3;0.9;993.6
10637;20231230;9;2.5;5.9;8.9;11.3;77;3;11.5;1.7;7.3;0;1002.6
10637;20231229;9;6.2;8.5;10;11.5;75;5;16.2;0.2;7.7;0.9;1001.4
10637;20231228;9;2.2;4.6;8.7;11.8;78;4;13.7;4.3;6.7;0;1004.5
10637;20231227;9;-0.4;2.9;6.2;9.3;88;2;8.6;0.4;7.8;0;1007.1
10637;20231226;9;1.5;4;9.4;11.6;80;4;16.1;0.9;7.5;0;1004.1
10637;20231225;9;8.6;9.2;10.5;11.1;81;5;16;0;7.9;2;999.5
10637;20231224;9;7.9;8.5;10.2;11.3;80;5;18.3;0;7.7;3.4;998.1
10637;20231223;9;6;6.7;9.1;10.9;80;5;16.3;0;7.7;2.6;998.2
10637;20231222;9;2.6;4.5;7.9;10.6;80;4;16.9;0;7.3;2.6;991.8
10637;20231221;9;3.3;4;8.5;11.4;83;5;22.5;0;7.5;7.1;990.5
10637;20231220;9;0.6;3.2;6.2;8.5;82;4;14;3.9;7;1;1004.1
10637;20231219;9;-2.2;-1;2.6;5.1;91;-999;12.1;0;8;8.7;1011.5
10637;20231218;9;0.2;0.2;1;1.7;98;-999;-999;0;8;0;1021.5
10637;20231217;9;-0.5;1;2.8;3.6;95;2;7.5;0;7.9;0;1026.5
10637;20231216;9;-1;1.4;5.1;9;87;2;7.4;1.9;6.5;0;1028.6
10637;20231215;9;1.5;2.8;5.3;7.6;90;2;7.2;0.1;7.8;0.3;1022.5
10637;20231214;9;-1.3;0.9;4.8;8.2;89;2;9.5;0;7.7;0.3;1004.5
10637;20231213;9;-0.6;1.8;7.2;10.9;93;2;8.7;2.3;6.8;2.6;988.4
10637;20231212;9;0.9;4.8;7.5;8.9;92;2;10.2;0.4;7.4;8.8;993.9
10637;20231211;9;4.4;7.9;10.5;13;72;4;15.4;1.4;6.3;0;993.3
10637;20231210;9;5.5;7.7;9.4;11.5;74;4;13.7;1;7.5;0.8;995.3
10637;20231209;9;2.3;3;5.8;8.5;93;3;12.1;0.2;7.7;10;995.7
10637;20231208;9;0;0.5;1.8;3.2;92;2;5.7;0;7.7;0.9;999.4
10637;20231207;9;-5.9;-3.6;-0.3;2.3;93;2;6.4;0.4;5.5;1;1007.2
10637;20231206;9;-2.2;0.6;3.5;4.6;87;3;7.3;0;7.7;0;1002.1
10637;20231205;9;0;0.2;3.3;6.7;92;3;12.3;0.1;7.8;5.7;993.2
10637;20231204;9;-6;-4.5;-1.9;0.9;84;2;5.4;0;7.3;6.6;999.8
10637;20231203;9;-6.6;-4.8;-2.3;1.2;78;2;8.3;6.6;5.4;0;1010.4
10637;20231202;9;-5.1;-3;-1.6;-1.1;70;3;10.6;0;7.9;0;1000.7
10637;20231201;9;-1.2;-1.1;1.1;2.3;76;-999;-999;0;8;0;991.9
10637;20231130;9;0.1;1.1;2.5;5;89;-999;-999;1.3;7.9;0;989.3
10637;20231129;9;-4.7;-2.5;0.9;4.6;84;3;12.8;1.5;6.3;0;993.1
10637;20231128;9;-5.1;-2.3;0.9;2.3;81;-999;-999;0;7.7;0;989.5
10637;20231127;9;0;0.3;2;4.2;90;-999;-999;0;7.4;25.3;990.8
10637;20231126;9;-0.1;1.5;4.2;6.2;85;-999;-999;0;7.6;0.1;1003.3
10637;20231125;9;-0.4;1.9;3.9;6.2;79;-999;-999;0.5;5.8;2.3;999
10637;20231124;9;1.1;2.5;6.1;9.5;79;-999;-999;1.4;6.3;2.3;997.3
10637;20231123;9;-2.7;-0.8;4.4;9.5;83;-999;-999;0.2;6.8;0.7;1010.6
10637;20231122;9;-2;-0.7;2;5.1;75;-999;-999;2.1;5.5;0;1015.9
10637;20231121;9;4.1;5;9.1;11.7;84;-999;-999;0.8;7.9;0.5;1003
10637;20231120;9;8.1;8.6;11.2;13.3;76;-999;-999;2.1;7.3;3.9;999.3
10637;20231119;9;7.7;8;11.7;15.6;78;-999;-999;5.1;5.6;0;1000.7
10637;20231118;9;-1;1;5;8;95;-999;-999;0;7.4;9.3;1010.4
10637;20231117;9;0.2;2.4;6.4;7.8;91;-999;-999;0.2;6.9;1.4;1007.5
10637;20231116;9;1.2;4.3;7.2;8.8;91;2;7.8;0.3;7.2;4.8;1001.3
10637;20231115;9;3.8;7.3;10.6;13.5;76;4;14.4;3.1;6;2.3;1003.5
10637;20231114;9;7.1;9.2;11.3;13.4;76;4;16.9;0.1;7.6;2.6;995.1
10637;20231113;9;5.4;5.7;9.8;15;91;3;14;0;7.3;11.4;994.6
10637;20231112;9;-0.3;1.6;5.6;8.5;92;1;5;0;7.5;2.6;996.7
10637;20231111;9;2.8;4.1;7.1;10;82;3;13.3;1.4;7;0.6;993.3
10637;20231110;9;4.8;6.2;8.4;10.7;83;4;14.1;1.3;7.2;4;988.9
10637;20231109;9;5.6;6.9;8.8;10.9;82;3;12.4;0;7.8;3.2;993.8
10637;20231108;9;3.5;6.8;9;11.8;78;3;11.3;1.4;7.5;0;1003.1
10637;20231107;9;4;6.1;9;12;84;3;10.8;1.8;6.1;0.7;1000.8
10637;20231106;9;4.7;7.6;10.5;14.4;80;4;14.3;2.4;6.8;3.8;993.1
10637;20231105;9;8.4;9.8;11.1;13.3;79;4;16.7;0;7.3;2.4;972.3
10637;20231104;9;5.9;6.3;8.8;11;82;3;14.2;1.1;7.6;2.6;974
10637;20231103;9;3.4;5.8;8.6;11.8;78;4;11.6;1.7;7.5;0;977.6
10637;20231102;9;4.1;7;11;12.8;78;4;16.3;0;6.7;2.7;976.7
10637;20231101;9;8.8;10.7;12.6;15.7;79;3;14.7;2;7.6;1.6;992.9
10637;20231031;9;7.6;9.3;12.1;15.7;80;4;10.9;3.7;7.7;0.5;992.4
10637;20231030;9;10.7;11.3;12.6;14.4;95;2;11;0;7.2;9;989.9
10637;20231029;9;10.2;10.8;12.2;14.3;92;3;13.5;0;7.8;15.2;988.6
10637;20231028;9;9.3;10.5;11.7;14.4;86;3;12.1;0;7.7;2.6;988.7
10637;20231027;9;6.2;8.2;11;15.3;91;3;12.4;2;6.8;10.5;983.2
10637;20231026;9;7;9.4;11;12.4;87;3;10.6;1.6;7.8;2.7;984.3
10637;20231025;9;4.3;5.9;10.2;12.8;96;2;10.7;0.2;7.7;9.5;986.9
10637;20231024;9;3.1;5.3;11;13.4;97;2;6.7;0;7.2;1.8;993.4
10637;20231023;9;1.8;4.5;10.3;14.4;89;2;6.3;2.8;6.5;4.2;999.8
10637;20231022;9;4;6.9;12.4;15.8;77;3;12.5;0.7;7.4;0;997.7
10637;20231021;9;7.9;10.6;14.5;18.4;74;4;18.5;5.8;5.1;0;985.3
10637;20231020;9;9.8;12.4;14.4;17.4;91;2;13.7;0.3;7.4;3.2;971.9
10637;20231019;9;10.2;10.3;13.8;16.8;95;2;6.8;0.9;7.7;5.2;982.9
10637;20231018;9;0.1;3;9.5;14.7;70;2;8;5.7;7.8;6.7;995.9
10637;20231017;9;0.4;2.6;7.3;13;73;2;10.1;4;5.9;0;1006
10637;20231016;9;-3.8;-1.3;5.8;12.1;79;2;9.7;8;6.7;0;1010.3
10637;20231015;9;-1.8;0.6;7.2;12.5;79;3;13.8;6.5;2.4;0.2;1009.1
10637;20231014;9;2.5;5.8;15.2;22.3;63;4;22.9;7;5;0.5;1000.4
10637;20231013;9;13.4;14.6;19.9;27;70;3;12.3;4.7;7.2;2.1;999
10637;20231012;9;11.3;13.3;16;17.9;88;2;8.6;0;7.8;1.9;1003.7
10637;20231011;9;6.8;10.6;18.2;27.2;68;3;10.7;9;5.1;0;1004.6
10637;20231010;9;6.7;9.1;15.5;23.4;79;2;7;9.4;6;0;1008.5
10637;20231009;9;9.6;11;16.1;22.1;81;2;9.4;0.3;8;0;1008.8
10637;20231008;9;8.9;11.4;16.5;21.9;78;2;8.1;0.7;7.6;0;1012.3
10637;20231007;9;4.1;7.7;14.7;20.8;78;3;11.7;4.5;6.4;0;1011.8
10637;20231006;9;3.3;5.1;11.3;19.1;86;2;8;6;7.3;0;1014
10637;20231005;9;4.3;7;11.3;16.4;87;2;7.7;1.8;7;0;1014.4
10637;20231004;9;4.1;6.7;11.9;18.5;82;2;8.5;7.5;4.2;0;1015.8
10637;20231003;9;6.8;8.8;14.9;24.1;87;3;14.8;1;5.5;5;1006.2
10637;20231002;9;6.1;8.8;16;25.7;81;1;5.9;10.3;6.4;0;1009
10637;20231001;9;4.5;6.3;14.1;23.3;81;1;6.5;10.5;1.8;0;1013.1
10637;20230930;9;5.6;8.9;15.5;21.2;74;2;7.5;8.9;5.1;0;1014.2
10637;20230929;9;11.8;13.5;18.8;26.6;77;3;17.5;3.7;7.3;1.4;1007.4
10637;20230928;9;9.7;11.5;17.8;26.1;80;1;5.8;10.1;6.8;0;1005.9
10637;20230927;9;7;10;16.5;25.4;80;1;4.6;10.6;4.3;0;1007.6
10637;20230926;9;8;9.6;15.9;23.7;77;2;5.9;11;0.8;0;1009.6
10637;20230925;9;4.5;8.1;14.7;22.6;72;2;6.2;10.9;4.8;0;1011.8
10637;20230924;9;3.2;5.1;13.2;20.6;74;2;6.3;11.1;0.2;0;1013.8
10637;20230923;9;5.1;7.2;12.5;17.5;80;3;9;5.7;3.2;0;1004.8
10637;20230922;9;9.8;11;15.2;20.7;81;3;21.7;3.6;6.2;4.7;992.7
10637;20230921;9;8.1;11;17.7;25.9;79;2;15.2;1.3;6.6;4.9;990
10637;20230920;9;8.8;12.6;18.4;25.9;71;3;11.8;7;5.3;0;998.8
10637;20230919;9;12.7;14.6;17.7;21.8;70;4;13.8;7.4;6.2;0;1001.6
10637;20230918;9;15.1;16.1;20.3;24.4;78;3;11.1;1.6;7.1;0.5;996.8
10637;20230917;9;16.4;17.3;22.9;28.9;71;2;9;10.2;6.3;0.7;1001.2
10637;20230916;9;12.6;15;21.1;28;69;2;4.9;9;3.7;1;1002.4
10637;20230915;9;7;9.8;17.9;25.4;66;2;7.7;11.1;1.4;0;1005.9
10637;20230914;9;7.7;10.9;16.2;21.7;67;2;8.6;11.3;2.7;0;1010
10637;20230913;9;14;15.1;19.7;24.3;75;3;10.2;3.2;7;0;1004.7
10637;20230912;9;13.5;16.7;22.4;30.1;73;2;19.6;9.3;7;2.4;999.7
10637;20230911;9;11.9;15.3;22.2;30.1;71;2;6.8;12;1;0;1002.2
10637;20230910;9;11.5;15.1;22.1;30.4;70;1;4.6;12;0.7;0;1005.5
10637;20230909;9;11.1;14.6;22.1;30;69;1;5.7;12.1;1;0;1005.3
10637;20230908;9;11.7;15.8;22.2;29.5;62;2;6.4;12.3;0;0;1006.1
10637;20230907;9;11.3;14.2;21.6;29.2;62;2;7.5;12.3;0.2;0;1007.6
10637;20230906;9;11;14.1;21.4;28.8;63;2;8;12.3;0.1;0;1008.5
10637;20230905;9;10.9;14.1;21.3;28.2;60;2;7.7;12.5;4.4;0;1009.5
10637;20230904;9;10.9;13;20.5;27.2;59;2;7.7;12.4;4.5;0;1013.4
10637;20230903;9;13.1;15;19.4;24.3;75;2;9.3;8.9;6.1;0;1014.3
10637;20230902;9;10.3;11.9;18.7;25.5;80;1;5.9;8.5;6;0;1008.4
10637;20230901;9;11.8;13.9;17.4;21.5;88;3;11.6;1.1;7.6;5.2;1002.4
10637;20230831;9;9.4;10.8;15.6;20.9;75;3;12.2;6.8;6.6;2.8;1000.5
10637;20230830;9;11.4;12.2;15.9;21.9;81;3;16.5;5.9;6.1;3.4;996.5
10637;20230829;9;10.7;11.9;15.2;19.1;85;2;8.4;1.2;7.9;3.2;998.6
10637;20230828;9;8.6;9.5;14.8;19;79;2;10.8;0.3;7.7;0;999.8
10637;20230827;9;9.5;11.3;16.5;21.2;84;2;8.5;1.6;7.5;1.4;998.7
10637;20230826;9;13.7;14.8;19.5;23.1;70;3;9.5;7.4;6;0;1000
10637;20230825;9;15.9;16.8;21.8;27.5;84;3;16.4;5;7.2;2.2;998.1
10637;20230824;9;15.7;17.4;21.8;28.2;72;2;15.7;3.3;7.5;2.7;1003
10637;20230823;9;13.8;15.2;22;29.1;65;1;6.8;13;0.7;0;1007.4
10637;20230822;9;16;17.6;23.6;29.4;70;2;9.1;10.6;2.7;0;1007.4
10637;20230821;9;17.8;19.4;25.9;32.2;66;-999;9.9;10.8;0.8;0;1009
10637;20230820;9;17;17.9;25.5;32;68;-999;-999;12.5;2.3;0;1008.6
10637;20230819;9;19.1;20.5;25.1;29.6;68;-999;-999;4.1;6.6;0;1004.6
10637;20230818;9;18.2;19.1;24.7;32;68;-999;-999;13.1;1.1;0;1003.3
10637;20230817;9;15;16.4;22.1;27.6;78;-999;-999;9.3;5.4;0;1005.2
10637;20230816;9;16.2;17.4;21.8;28.6;85;2;-999;4.4;7;62.5;1006.4
10637;20230815;9;16.6;18;21.5;27.2;88;2;10.5;5.7;5.5;6.2;1004.7
10637;20230814;9;15.7;17;22;27.6;79;2;7.1;4.4;6.5;6.6;1003.1
10637;20230813;9;15.4;16.8;21.5;26.6;74;2;10.3;4.8;7.1;0;1005.5
10637;20230812;9;16.7;18.2;21.7;25.7;84;2;10.3;5.2;7;4.7;1005.5
10637;20230811;9;11.2;12.8;21.5;29.8;64;2;7.3;13.7;2.6;1.8;1008.6
10637;20230810;9;8.8;10.1;18;26.1;68;1;7.4;10.5;2.5;0;1008.8
10637;20230809;9;9.2;10.6;16.5;21.4;78;2;7.9;1.4;6.7;2.3;1004.6
10637;20230808;9;8;10;16.5;21.9;69;4;15.1;7.1;6.3;6.9;1003.5
10637;20230807;9;10.1;11.7;15.5;20.9;67;4;13.3;3.4;6.5;0;1003.5
10637;20230806;9;12.6;13.3;15.1;18.6;87;4;14.8;0.9;7.6;10.5;995.6
10637;20230805;9;9.8;11;17.5;24.3;76;2;8.3;7.5;4.2;1.5;1000.6
10637;20230804;9;12.4;14.4;17.5;22.3;79;2;7.2;1.1;7.8;2;1001
10637;20230803;9;15.3;15.8;18.4;21.8;73;5;17.4;2.1;7.8;1;991.8
10637;20230802;9;14.9;15.4;17.8;20.6;83;4;19;2.4;6.8;11.1;986.9
10637;20230801;9;14.2;15.6;18.5;23.6;77;4;14.2;5.1;6.8;4.4;991
10637;20230731;9;14.8;16.3;19.4;23.6;68;4;14.3;1.1;7.9;32.3;999
10637;20230730;9;15.9;16.7;19.6;22.9;68;4;17.8;5.2;7.6;0.4;1001.4
10637;20230729;9;16.2;17.7;21.3;27.1;76;3;13.4;5.5;6.9;8.9;997.3
10637;20230728;9;16.5;16.9;19.5;22.6;87;3;11.6;0.4;7.5;3.4;997.4
10637;20230727;9;11;11.6;15.8;18.6;93;3;11.6;0;7.8;17.6;997.8
10637;20230726;9;9.1;10.8;15.8;21.7;71;3;13.3;5;6.5;1.6;1001.6
10637;20230725;9;13.8;14.2;16.6;19.4;75;2;9.9;0.4;7.8;9.6;994.6
10637;20230724;9;13.6;15.2;21;27.9;62;3;27.3;4.5;5.8;17.9;993.5
10637;20230723;9;9.7;12.6;20.9;27.1;54;3;15.8;2.2;7.8;0;998.7
10637;20230722;9;7.5;10.2;19.7;26.9;56;3;13.1;10.2;5.2;0;1002.4
10637;20230721;9;10.6;13.6;18.5;22.6;66;2;11.3;2.6;7.3;0.3;1000.1
10637;20230720;9;10.7;12.7;20.3;25.1;53;2;8.6;6.2;5.5;0.5;1002
10637;20230719;9;12.2;14.6;22.6;29.6;50;2;12.2;7.8;6.9;0;1000.9
10637;20230718;9;9.1;11.6;21.6;29.1;49;2;7.5;14.8;3.1;0;1006.3
10637;20230717;9;10.1;12.5;20.9;27.4;53;3;15.6;11.7;3.4;0;1007.1
10637;20230716;9;14.2;15.9;20.8;26.1;61;4;16;13;3.9;0;1004
10637;20230715;9;12.5;14.7;21.6;28.5;71;2;10.9;4.8;7;6.8;998
10637;20230714;9;11.5;13.8;22.2;29.8;47;2;9.2;8.8;6.5;0;1002.7
10637;20230713;9;9.6;12.3;20.3;26.9;49;3;14.8;10.8;4.2;0;1005.4
10637;20230712;9;13.6;16.5;23.2;29;59;3;13.1;6.7;6.3;0;999.9
10637;20230711;9;13.5;16.2;26.2;35.4;52;2;16;11.6;2.9;2.7;1001.6
10637;20230710;9;15.7;18.5;25.4;31.3;56;2;10.9;11;5.7;0;1007.4
10637;20230709;9;14.4;16.4;27.2;36.9;48;2;12.6;10.8;3;0;1006.5
10637;20230708;9;16.4;19.1;26.2;34.3;39;2;10.4;9.9;5.5;0;1005.6
10637;20230707;9;9.9;13.1;23.4;32;41;2;8;14.8;0.6;0;1006.9
10637;20230706;9;10.1;12.5;19.5;26.2;50;2;9.8;14.7;2.4;0;1006.1
10637;20230705;9;12.6;14.1;18.8;23.2;59;4;16.8;9.4;6.1;0.2;1001.2
10637;20230704;9;11;13.1;20.6;26.9;54;3;11.6;12.1;2.6;4.1;1001.6
10637;20230703;9;10.3;13.8;18.9;23.7;56;4;15.9;5.5;5.2;0;1000.9
10637;20230702;9;11.8;13.8;19.3;24.2;56;4;14.9;7.4;5.4;0;999.2
10637;20230701;9;8.5;10.2;17;21.6;76;3;14;3;7.6;1.2;996.8
10637;20230630;9;9;11.2;19.2;23.5;66;2;10;2.9;7.1;0;1000
10637;20230629;9;11.9;13.2;21;26.4;62;2;8.7;6.5;5.6;0.5;1002.7
10637;20230628;9;13.5;15.3;20.3;25.2;55;2;11;3.6;7.2;0;1006.2
10637;20230627;9;10.8;11.9;19.8;25.3;50;2;10.5;5.8;7.3;0;1007.5
10637;20230626;9;13.2;14.8;22.7;31;53;3;13.9;12.6;3.5;0;1004
10637;20230625;9;15.3;17.4;24.8;31.6;48;2;9.1;15.3;0;0;1005.8
10637;20230624;9;11.4;12.8;21.9;29.1;59;2;8;13.4;3.1;0;1011.5
10637;20230623;9;12.6;14.7;21;26.5;58;4;14.4;8.6;6;0;1008.9
10637;20230622;9;17.8;17.9;24.2;33.7;70;3;19;8.4;6.8;9;1002
10637;20230621;9;16;16.8;23.7;30.2;67;2;8.2;8.9;6.7;0.7;1004.5
10637;20230620;9;17.2;18.5;24;32.5;72;2;25.2;10;5.9;14.1;1000.1
10637;20230619;9;16.6;18.2;24.5;30.1;54;3;10.1;7.1;7.4;2.7;1000.6
10637;20230618;9;8.9;12.2;23.6;32.4;43;2;7.2;12.7;3.8;0.1;1000.6
10637;20230617;9;7.9;11.1;21.3;29.9;47;2;10.5;13.4;2.7;0;1002.8
10637;20230616;9;7.7;10.4;19.9;26.7;49;2;10.8;11.2;1.7;0.7;1004.8
10637;20230615;9;10;15.1;21.3;27.5;42;2;9.5;12.6;1.3;0;1005.5
10637;20230614;9;14.6;16.1;20.6;25.2;41;3;10;12;1.7;0;1003.1
10637;20230613;9;10.7;14.4;22.3;28;35;3;9.9;15.5;0;0;1001
10637;20230612;9;15.5;17.7;24;29.6;37;2;9.9;14.7;1.1;0;1002.8
10637;20230611;9;17.5;18.8;24.7;30.6;41;2;10.4;15.2;1.2;0;1003.6
